   4740 35
   4613 36
   4124 37
   3590 38
   2973 39
   2794 40
   2509 41
   2403 42
   2209 43
   2059 44
   2148 45
   2117 46
   2074 47
   2182 48
   2050 49
   2047 50
   2043 51
   2061 52
   2160 53
   2229 54
   2212 55
   2339 56
   2267 57
   2454 58
   2593 59
   2657 60
   2789 61
   2822 62
   2922 63
   2877 64
   2890 65
   2990 66
   3005 67
   3103 68
   3117 69
   3245 70
   3385 71
   3444 72
   3424 73
   3346 74
   3422 75
   3251 76
   3684 77
   3436 78
   3527 79
   3552 80
   3530 81
   3652 82
   3839 83
   3804 84
   3968 85
   4119 86
   4216 87
   4250 88
   4636 89
   4649 90
   4905 91
   4971 92
   5052 93
   5160 94
   5941 95
  10781 96
  26295 97
 101247 98
  27205 99
 200972 100
3336057 101
