   3811 35
   3986 36
   4353 37
   4316 38
   4570 39
   4935 40
   5091 41
   5091 42
   5282 43
   5227 44
   5336 45
   5706 46
   5763 47
   6162 48
   6503 49
   6744 50
   6927 51
   7258 52
   7581 53
   7826 54
   8259 55
   8765 56
   9019 57
   9585 58
  10202 59
  10823 60
  11498 61
  12236 62
  12842 63
  13715 64
  14144 65
  15103 66
  16268 67
  17584 68
  18602 69
  20068 70
  21533 71
  23496 72
  25669 73
  26592 74
  27909 75
  29632 76
  32309 77
  33462 78
  35955 79
  37255 80
  39381 81
  41136 82
  43468 83
  46019 84
  48928 85
  51864 86
  54085 87
  57039 88
  59507 89
  62848 90
  68530 91
  68999 92
  71002 93
  74807 94
  80026 95
 112002 96
 220255 97
 704264 98
 107180 99
 911613 100
31253211 101
