  55636 35
  53115 36
  48230 37
  43642 38
  35966 39
  33993 40
  30485 41
  28722 42
  26203 43
  25367 44
  24944 45
  24356 46
  24594 47
  24721 48
  24798 49
  24454 50
  24894 51
  24691 52
  25671 53
  25773 54
  26232 55
  27170 56
  27583 57
  28743 58
  30293 59
  30744 60
  32347 61
  32924 62
  33628 63
  34106 64
  34398 65
  34941 66
  36171 67
  36434 68
  37413 69
  38891 70
  41055 71
  42045 72
  42252 73
  42318 74
  43420 75
  44039 76
  48808 77
  47229 78
  48423 79
  49968 80
  51310 81
  53646 82
  56010 83
  58111 84
  61214 85
  63885 86
  66216 87
  69372 88
  72474 89
  75812 90
  81275 91
  82050 92
  84036 93
  88740 94
  96286 95
 135790 96
 277056 97
 911521 98
 263535 99
1835513 100
28705475 101
