    260 35
    262 36
    253 37
    259 38
    307 39
    287 40
    299 41
    318 42
    284 43
    341 44
    320 45
    345 46
    330 47
    361 48
    385 49
    424 50
    482 51
    471 52
    495 53
    519 54
    513 55
    598 56
    622 57
    696 58
    725 59
    735 60
    800 61
    906 62
    928 63
    960 64
   1065 65
   1111 66
   1210 67
   1296 68
   1340 69
   1506 70
   1539 71
   1689 72
   1753 73
   1809 74
   1957 75
   1893 76
   2113 77
   2207 78
   2379 79
   2375 80
   2436 81
   2515 82
   2611 83
   2787 84
   2824 85
   3017 86
   3057 87
   3252 88
   3516 89
   3626 90
   3779 91
   3902 92
   3929 93
   4123 94
   4712 95
   8063 96
  19761 97
  73929 98
  11979 99
 104122 100
3591460 101
